
Query: muslims 

Length: 7

Alpha: 0.0005

Relevant Documents: 3, 4, 9, 2, 20, 7, 6, 

***************************************************

Query: muslims 

Length: 7

Alpha: 0.0005

Relevant Documents: 3, 4, 9, 2, 20, 7, 6, 

***************************************************

Query: muslims 

Length: 7

Alpha: 0.0005

Relevant Documents: 3, 4, 9, 2, 20, 7, 6, 

***************************************************

Query: muslims 

Length: 7

Alpha: 0.0005

Relevant Documents: 3, 4, 9, 2, 20, 7, 6, 

***************************************************

Query: muslims 

Length: 7

Alpha: 0.0

Relevant Documents: 3, 4, 9, 2, 20, 7, 6, 

***************************************************

Query: muslims 

Length: 7

Alpha: 0.0005

Relevant Documents: 3, 4, 9, 2, 20, 7, 6, 

***************************************************

Query: hillary 

Length: 52

Alpha: 0.0005

Relevant Documents: 4, 36, 35, 33, 34, 20, 29, 54, 21, 41, 16, 46, 53, 40, 11, 22, 47, 14, 12, 39, 49, 42, 51, 25, 37, 45, 3, 48, 10, 30, 18, 17, 24, 19, 32, 28, 7, 52, 5, 8, 50, 9, 26, 6, 43, 31, 27, 44, 2, 38, 55, 1, 

***************************************************

Query: hillary clinton 

Length: 53

Alpha: 0.0

Relevant Documents: 36, 4, 35, 33, 34, 20, 29, 21, 12, 16, 41, 40, 14, 42, 46, 11, 22, 54, 47, 39, 53, 51, 25, 37, 45, 3, 49, 10, 48, 30, 17, 32, 18, 24, 44, 19, 28, 5, 7, 8, 52, 26, 9, 50, 43, 27, 6, 31, 2, 38, 55, 1, 0, 

***************************************************
